Timestamp,Activity,wait_time
1,4,0.0
11,2,10.0
18,2,7.0
27,1,9.0
32,1,5.0
42,1,10.0
47,1,5.0
52,2,5.0
59,1,7.0
60,1,1.0
67,1,7.0
70,1,3.0
74,2,4.0
82,1,8.0
87,1,5.0
88,2,1.0
92,1,4.0
94,1,2.0
103,2,9.0
109,2,6.0
119,2,10.0
125,1,6.0
129,2,4.0
138,1,9.0
144,1,6.0
148,2,4.0
158,2,10.0
161,2,3.0
164,3,3.0
171,1,7.0
174,2,3.0
179,2,5.0
189,3,10.0
193,3,4.0
196,2,3.0
206,2,10.0
213,3,7.0
214,3,1.0
224,3,10.0
228,2,4.0
237,3,9.0
242,3,5.0
244,4,2.0
246,4,2.0
249,4,3.0
258,3,9.0
267,4,9.0
272,5,5.0
273,5,1.0
278,4,5.0
284,5,6.0
293,3,9.0
297,4,4.0
302,5,5.0
305,5,3.0
309,5,4.0
314,5,5.0
317,6,3.0
325,5,8.0
335,6,10.0
343,6,8.0
352,6,9.0
355,7,3.0
357,6,2.0
361,6,4.0
366,6,5.0
375,6,9.0
385,8,10.0
393,7,8.0
396,7,3.0
397,7,1.0
404,8,7.0
405,7,1.0
408,7,3.0
414,9,6.0
421,8,7.0
426,9,5.0
427,9,1.0
429,9,2.0
432,9,3.0
434,10,2.0
442,11,8.0
451,10,9.0
454,10,3.0
456,12,2.0
459,10,3.0
461,12,2.0
469,11,8.0
476,11,7.0
478,12,2.0
488,11,10.0
498,12,10.0
507,13,9.0
511,12,4.0
516,13,5.0
521,14,5.0
527,13,6.0
535,14,8.0
539,14,4.0
548,14,9.0
557,15,9.0
564,14,7.0
568,15,4.0
572,16,4.0
576,16,4.0
578,16,2.0
585,16,7.0
591,16,6.0
598,16,7.0
608,17,10.0
616,18,8.0
620,18,4.0
627,17,7.0
635,19,8.0
644,18,9.0
652,19,8.0
661,21,9.0
671,19,10.0
679,21,8.0
688,20,9.0
698,21,10.0
708,22,10.0
713,21,5.0
718,22,5.0
726,22,8.0
733,23,7.0
738,22,5.0
746,23,8.0
756,24,10.0
757,24,1.0
766,25,9.0
770,24,4.0
772,25,2.0
780,24,8.0
784,26,4.0
788,26,4.0
794,27,6.0
797,27,3.0
806,26,9.0
807,27,1.0
810,28,3.0
816,27,6.0
826,28,10.0
833,29,7.0
842,30,9.0
845,29,3.0
850,29,5.0
851,30,1.0
856,31,5.0
863,31,7.0
872,31,9.0
873,31,1.0
876,31,3.0
881,32,5.0
888,33,7.0
891,33,3.0
897,33,6.0
907,34,10.0
915,34,8.0
924,34,9.0
925,34,1.0
927,35,2.0
928,36,1.0
931,35,3.0
938,37,7.0
943,37,5.0
947,36,4.0
950,38,3.0
951,37,1.0
953,37,2.0
957,39,4.0
962,39,5.0
970,39,8.0
974,40,4.0
975,41,1.0
985,41,10.0
986,41,1.0
987,41,1.0
997,42,10.0
1007,42,10.0
1015,43,8.0
1021,43,6.0
1024,44,3.0
1033,44,9.0
1036,45,3.0
1043,45,7.0
1049,46,6.0
1057,47,8.0
1062,46,5.0
1066,47,4.0
1074,47,8.0
1080,47,6.0
1086,48,6.0
1094,48,8.0
1104,49,10.0
1114,48,10.0
1118,50,4.0
1125,50,7.0
1126,51,1.0
1134,50,8.0
1140,52,6.0
1145,53,5.0
1149,54,4.0
1157,54,8.0
1167,53,10.0
1175,55,8.0
1181,54,6.0
1186,54,5.0
1188,55,2.0
1189,56,1.0
1194,57,5.0
1204,56,10.0
1206,57,2.0
1209,57,3.0
1219,58,10.0
1224,59,5.0
1225,59,1.0
1233,60,8.0
1243,60,10.0
1244,60,1.0
1248,60,4.0
1254,61,6.0
1260,62,6.0
1263,63,3.0
1271,63,8.0
1276,63,5.0
1285,63,9.0
1291,64,6.0
1300,64,9.0
1306,65,6.0
1308,65,2.0
1318,66,10.0
1319,66,1.0
1321,66,2.0
1328,67,7.0
1337,67,9.0
1342,69,5.0
1350,68,8.0
1351,69,1.0
1352,69,1.0
1361,70,9.0
1364,70,3.0
1368,71,4.0
1375,72,7.0
1376,72,1.0
1380,72,4.0
1388,73,8.0
1397,73,9.0
1403,74,6.0
1411,75,8.0
1417,76,6.0
1418,76,1.0
1420,75,2.0
1428,75,8.0
1438,76,10.0
1440,77,2.0
1442,77,2.0
1452,78,10.0
1455,78,3.0
1461,78,6.0
1470,80,9.0
1471,80,1.0
1479,80,8.0
1486,81,7.0
1488,80,2.0
1498,82,10.0
1503,83,5.0
1512,83,9.0
1516,83,4.0
1522,84,6.0
1527,84,5.0
1534,85,7.0
1539,85,5.0
1543,85,4.0
1551,85,8.0
1557,86,6.0
1565,87,8.0
1568,87,3.0
1575,88,7.0
1585,89,10.0
1593,88,8.0
1603,89,10.0
1604,89,1.0
1609,90,5.0
1613,91,4.0
1620,91,7.0
1627,92,7.0
1630,92,3.0
1632,93,2.0
1638,94,6.0
1644,93,6.0
1645,94,1.0
1648,94,3.0
1655,94,7.0
1661,96,6.0
1663,95,2.0
1664,96,1.0
1671,96,7.0
1672,96,1.0
1675,98,3.0
1679,99,4.0
1680,98,1.0
1689,99,9.0
1693,99,4.0
1701,100,8.0
1707,101,6.0
1713,101,6.0
1716,101,3.0
1719,102,3.0
1722,101,3.0
1729,103,7.0
1732,102,3.0
1736,104,4.0
1739,104,3.0
1745,103,6.0
1748,104,3.0
1750,104,2.0
1751,106,1.0
1752,106,1.0
1754,106,2.0
1757,107,3.0
1761,108,4.0
1769,108,8.0
1776,108,7.0
1780,108,4.0
1785,109,5.0
1790,109,5.0
1799,109,9.0
1802,110,3.0
1810,110,8.0
1817,111,7.0
1820,112,3.0
1826,111,6.0
1836,112,10.0
1838,112,2.0
1843,113,5.0
1848,114,5.0
1858,114,10.0
1862,113,4.0
1866,115,4.0
1875,115,9.0
1880,115,5.0
1889,116,9.0
1895,115,6.0
1902,117,7.0
1907,117,5.0
1914,116,7.0
1923,117,9.0
1926,118,3.0
1927,117,1.0
1929,118,2.0
1937,119,8.0
1939,119,2.0
1940,120,1.0
1948,120,8.0
1955,120,7.0
1965,121,10.0
1968,122,3.0
1975,121,7.0
1979,122,4.0
1981,122,2.0
1984,122,3.0
1992,123,8.0
1997,122,5.0
2005,124,8.0
2009,124,4.0
2011,124,2.0
2014,125,3.0
2019,125,5.0
2027,126,8.0
2032,126,5.0
2042,127,10.0
2043,127,1.0
2047,127,4.0
2056,127,9.0
2066,127,10.0
2071,128,5.0
2074,128,3.0
2082,129,8.0
2087,129,5.0
2096,129,9.0
2103,129,7.0
2104,130,1.0
2114,131,10.0
2116,130,2.0
2123,131,7.0
2127,131,4.0
2132,131,5.0
2142,131,10.0
2146,133,4.0
2152,132,6.0
2162,133,10.0
2171,133,9.0
2176,133,5.0
2178,134,2.0
2187,134,9.0
2189,134,2.0
2199,135,10.0
2201,135,2.0
2207,135,6.0
2209,136,2.0
2215,135,6.0
2221,136,6.0
2225,137,4.0
2227,136,2.0
2237,137,10.0
2243,137,6.0
2246,136,3.0
2249,137,3.0
2256,138,7.0
2258,139,2.0
2261,139,3.0
2262,139,1.0
2271,137,9.0
2277,138,6.0
2282,138,5.0
2292,140,10.0
2301,140,9.0
2308,140,7.0
2310,141,2.0
2320,142,10.0
2323,141,3.0
2331,140,8.0
2337,143,6.0
2342,141,5.0
2351,142,9.0
2355,141,4.0
2357,142,2.0
2364,142,7.0
2369,143,5.0
2372,143,3.0
2376,142,4.0
2385,143,9.0
2394,143,9.0
2399,142,5.0
2409,143,10.0
2411,144,2.0
2414,143,3.0
2423,144,9.0
2427,145,4.0
2433,144,6.0
2438,144,5.0
2442,145,4.0
2444,145,2.0
2447,145,3.0
2452,145,5.0
2459,146,7.0
2464,146,5.0
2469,147,5.0
2477,146,8.0
2479,147,2.0
2480,147,1.0
2486,147,6.0
2488,146,2.0
2493,147,5.0
2496,146,3.0
2501,147,5.0
2504,147,3.0
2512,148,8.0
2518,147,6.0
2527,147,9.0
2536,148,9.0
2542,149,6.0
2543,148,1.0
2548,148,5.0
2552,148,4.0
2561,148,9.0
2564,148,3.0
2568,149,4.0
2577,150,9.0
2580,149,3.0
2581,148,1.0
2583,149,2.0
2592,149,9.0
2601,150,9.0
2605,150,4.0
2612,149,7.0
2621,149,9.0
2630,149,9.0
2632,149,2.0
2635,150,3.0
2645,148,10.0
2655,150,10.0
2661,150,6.0
2663,150,2.0
2666,149,3.0
2674,150,8.0
2677,150,3.0
2686,150,9.0
2689,150,3.0
2690,150,1.0
2693,150,3.0
2698,150,5.0
2705,150,7.0
2709,150,4.0
2713,150,4.0
2719,150,6.0
2720,150,1.0
2725,150,5.0
2734,149,9.0
2738,150,4.0
2744,150,6.0
2749,150,5.0
2753,150,4.0
2759,150,6.0
2763,150,4.0
2770,150,7.0
2774,150,4.0
2777,150,3.0
2778,150,1.0
2788,150,10.0
2792,150,4.0
2796,150,4.0
2801,150,5.0
2810,149,9.0
2819,150,9.0
2825,150,6.0
2835,150,10.0
2837,149,2.0
2840,149,3.0
2841,149,1.0
2842,150,1.0
2843,150,1.0
2849,148,6.0
2851,149,2.0
2856,150,5.0
2860,148,4.0
2865,148,5.0
2872,149,7.0
2874,148,2.0
2884,148,10.0
2889,149,5.0
2894,148,5.0
2902,149,8.0
2904,149,2.0
2912,149,8.0
2914,148,2.0
2916,148,2.0
2919,149,3.0
2920,148,1.0
2926,148,6.0
2929,148,3.0
2933,148,4.0
2940,147,7.0
2950,147,10.0
2951,147,1.0
2954,147,3.0
2962,147,8.0
2968,147,6.0
2977,147,9.0
2981,146,4.0
2989,147,8.0
2999,146,10.0
3008,146,9.0
3014,147,6.0
3021,146,7.0
3028,146,7.0
3029,145,1.0
3038,145,9.0
3048,145,10.0
3055,145,7.0
3061,144,6.0
3068,146,7.0
3073,145,5.0
3082,145,9.0
3083,144,1.0
3092,144,9.0
3102,144,10.0
3105,143,3.0
3112,143,7.0
3113,143,1.0
3119,143,6.0
3123,143,4.0
3125,143,2.0
3134,143,9.0
3136,142,2.0
3139,142,3.0
3140,141,1.0
3141,142,1.0
3150,141,9.0
3155,141,5.0
3163,140,8.0
3166,141,3.0
3175,140,9.0
3182,140,7.0
3185,141,3.0
3195,139,10.0
3204,140,9.0
3214,139,10.0
3224,139,10.0
3229,138,5.0
3235,139,6.0
3239,138,4.0
3249,138,10.0
3253,137,4.0
3261,137,8.0
3271,137,10.0
3272,138,1.0
3281,137,9.0
3283,136,2.0
3293,137,10.0
3296,135,3.0
3304,137,8.0
3306,135,2.0
3308,134,2.0
3318,135,10.0
3322,134,4.0
3329,134,7.0
3338,134,9.0
3344,134,6.0
3346,133,2.0
3347,133,1.0
3353,133,6.0
3357,132,4.0
3361,131,4.0
3367,133,6.0
3370,131,3.0
3376,131,6.0
3385,131,9.0
3390,130,5.0
3398,130,8.0
3407,130,9.0
3414,129,7.0
3422,130,8.0
3432,129,10.0
3440,128,8.0
3441,128,1.0
3443,127,2.0
3453,128,10.0
3463,127,10.0
3470,127,7.0
3477,127,7.0
3485,126,8.0
3488,126,3.0
3496,125,8.0
3499,126,3.0
3507,124,8.0
3508,125,1.0
3515,124,7.0
3525,124,10.0
3529,123,4.0
3534,124,5.0
3542,123,8.0
3552,123,10.0
3560,121,8.0
3564,121,4.0
3573,121,9.0
3583,122,10.0
3592,120,9.0
3598,120,6.0
3602,120,4.0
3609,119,7.0
3619,119,10.0
3622,119,3.0
3630,119,8.0
3636,118,6.0
3644,118,8.0
3646,118,2.0
3653,117,7.0
3662,117,9.0
3664,115,2.0
3673,116,9.0
3678,115,5.0
3686,115,8.0
3692,115,6.0
3697,113,5.0
3705,113,8.0
3711,113,6.0
3716,112,5.0
3722,112,6.0
3729,112,7.0
3738,111,9.0
3739,111,1.0
3749,112,10.0
3758,110,9.0
3765,110,7.0
3768,109,3.0
3777,109,9.0
3780,109,3.0
3790,108,10.0
3796,108,6.0
3797,108,1.0
3798,107,1.0
3806,107,8.0
3816,107,10.0
3825,106,9.0
3834,105,9.0
3842,105,8.0
3845,104,3.0
3846,104,1.0
3850,104,4.0
3855,103,5.0
3858,102,3.0
3864,101,6.0
3867,102,3.0
3875,101,8.0
3876,100,1.0
3884,101,8.0
3891,100,7.0
3896,99,5.0
3898,100,2.0
3901,99,3.0
3906,98,5.0
3913,98,7.0
3917,98,4.0
3923,96,6.0
3933,96,10.0
3938,96,5.0
3942,95,4.0
3946,95,4.0
3950,95,4.0
3954,94,4.0
3959,95,5.0
3966,93,7.0
3967,92,1.0
3977,93,10.0
3985,92,8.0
3990,91,5.0
3994,91,4.0
3995,90,1.0
3996,90,1.0
4003,90,7.0
4006,89,3.0
4015,89,9.0
4020,88,5.0
4022,87,2.0
4030,87,8.0
4034,87,4.0
4038,87,4.0
4045,85,7.0
4046,85,1.0
4053,85,7.0
4054,85,1.0
4055,84,1.0
4059,83,4.0
4068,83,9.0
4069,82,1.0
4073,82,4.0
4081,81,8.0
4083,82,2.0
4093,81,10.0
4103,80,10.0
4107,80,4.0
4112,80,5.0
4118,79,6.0
4124,79,6.0
4131,78,7.0
4133,78,2.0
4142,77,9.0
4146,75,4.0
4149,77,3.0
4155,76,6.0
4158,76,3.0
4162,75,4.0
4171,75,9.0
4176,74,5.0
4182,73,6.0
4189,72,7.0
4197,73,8.0
4200,73,3.0
4206,71,6.0
4214,70,8.0
4222,70,8.0
4230,71,8.0
4236,69,6.0
4238,69,2.0
4245,68,7.0
4255,67,10.0
4257,68,2.0
4267,67,10.0
4274,66,7.0
4278,66,4.0
4285,66,7.0
4295,66,10.0
4305,65,10.0
4308,66,3.0
4317,63,9.0
4319,63,2.0
4325,63,6.0
4330,62,5.0
4331,62,1.0
4341,61,10.0
4344,61,3.0
4348,61,4.0
4350,60,2.0
4356,60,6.0
4361,60,5.0
4362,59,1.0
4363,59,1.0
4371,59,8.0
4377,57,6.0
4381,57,4.0
4389,56,8.0
4395,56,6.0
4404,56,9.0
4405,56,1.0
4415,55,10.0
4417,54,2.0
4425,55,8.0
4434,54,9.0
4441,53,7.0
4450,52,9.0
4453,52,3.0
4463,52,10.0
4469,51,6.0
4474,50,5.0
4482,50,8.0
4486,50,4.0
4495,49,9.0
4501,49,6.0
4511,48,10.0
4517,47,6.0
4518,47,1.0
4527,48,9.0
4530,47,3.0
4540,46,10.0
4546,45,6.0
4552,45,6.0
4557,46,5.0
4559,45,2.0
4568,45,9.0
4573,44,5.0
4582,43,9.0
4591,44,9.0
4592,43,1.0
4593,42,1.0
4601,41,8.0
4603,41,2.0
4612,41,9.0
4616,40,4.0
4624,41,8.0
4628,39,4.0
4631,39,3.0
4639,39,8.0
4649,38,10.0
4656,38,7.0
4660,38,4.0
4670,37,10.0
4672,38,2.0
4681,37,9.0
4684,37,3.0
4692,34,8.0
4701,36,9.0
4705,35,4.0
4706,34,1.0
4715,35,9.0
4716,34,1.0
4720,34,4.0
4725,33,5.0
4726,34,1.0
4729,32,3.0
4733,31,4.0
4741,32,8.0
4746,31,5.0
4748,30,2.0
4757,30,9.0
4763,29,6.0
4768,29,5.0
4776,29,8.0
4777,29,1.0
4783,28,6.0
4793,28,10.0
4794,27,1.0
4801,27,7.0
4809,27,8.0
4815,27,6.0
4821,26,6.0
4831,26,10.0
4833,25,2.0
4836,25,3.0
4843,24,7.0
4853,25,10.0
4856,25,3.0
4859,25,3.0
4864,23,5.0
4872,24,8.0
4880,22,8.0
4888,21,8.0
4896,22,8.0
4902,21,6.0
4908,22,6.0
4917,22,9.0
4920,21,3.0
4929,19,9.0
4930,21,1.0
4932,20,2.0
4934,20,2.0
4943,18,9.0
4945,19,2.0
4953,19,8.0
4961,19,8.0
4964,18,3.0
4970,18,6.0
4973,18,3.0
4980,17,7.0
4988,17,8.0
4992,17,4.0
4998,17,6.0
5008,16,10.0
5014,16,6.0
5017,16,3.0
5027,15,10.0
5036,15,9.0
5042,14,6.0
5045,15,3.0
5047,14,2.0
5053,14,6.0
5057,14,4.0
5059,12,2.0
5061,14,2.0
5062,13,1.0
5070,14,8.0
5075,12,5.0
5085,12,10.0
5087,11,2.0
5096,12,9.0
5101,11,5.0
5108,11,7.0
5113,11,5.0
5114,11,1.0
5121,11,7.0
5123,10,2.0
5131,10,8.0
5135,9,4.0
5139,10,4.0
5141,9,2.0
5146,9,5.0
5152,9,6.0
5161,9,9.0
5163,9,2.0
5173,8,10.0
5183,8,10.0
5187,8,4.0
5195,8,8.0
5201,7,6.0
5205,7,4.0
5206,7,1.0
5214,7,8.0
5222,7,8.0
5223,7,1.0
5231,6,8.0
5232,6,1.0
5234,6,2.0
5240,6,6.0
5250,6,10.0
5258,6,8.0
5263,5,5.0
5271,6,8.0
5279,6,8.0
5288,5,9.0
5290,5,2.0
5297,5,7.0
5302,5,5.0
5305,5,3.0
5310,4,5.0
5311,4,1.0
5320,4,9.0
5329,4,9.0
5339,4,10.0
5343,4,4.0
5346,3,3.0
5356,4,10.0
5365,3,9.0
5371,3,6.0
5373,3,2.0
5379,3,6.0
5386,3,7.0
5388,3,2.0
5393,3,5.0
5397,3,4.0
5406,3,9.0
5415,2,9.0
5418,2,3.0
5419,2,1.0
5427,2,8.0
5428,2,1.0
5436,1,8.0
5442,2,6.0
5449,2,7.0
5450,1,1.0
5458,2,8.0
5468,2,10.0
5478,1,10.0
5481,1,3.0
5488,1,7.0
5491,2,3.0
5494,1,3.0
5499,1,5.0
5506,2,7.0
5509,1,3.0
5513,1,4.0
5523,1,10.0
5532,1,9.0
5537,1,5.0
5543,1,6.0
5551,1,8.0
5556,1,5.0
5566,1,10.0
5572,1,6.0
5574,2,2.0
5581,1,7.0
5590,1,9.0
5593,5,3.0
5600,4,7.0
